106413338
631093150
322108506
28188470
634294310
237909003
599797982
169050485
507790620
389479082
241862531
475143204
940135833
856557417
419067199
894948383
656988432
403995720
861127761
263516238
857068556
994622297
545323905
660164202
145744353
23887554
36912567
49606595
407981794
198892539
316614467
162288881
115976093
294483815
403844062
777695455
720610909
446366903
402719997
948731349
384591318
383868569
924814369
226177948
614865489
514402235
621755161
685458986
874634151
955498605
68258640
636671175
585752485
812910782
402469269
482615098
763830119
293553805
714079592
265019778
300577400
205643087
616889958
565480854
614905817
695471436
527677421
971278806
399993740
463021283
222202722
696886683
934872022
180496005
665064394
70114453
161911000
25431117
979896203
700186817
806703016
206493489
190763063
794116384
561221793
487284692
634390480
646525704
524226967
415758314
694283901
759553932
406653124
500602170
879169796
828628390
618502216
169581014
773750800
368214745
480972088
910233462
938183576
416466556
605108423
193246817
650165599
326335085
930113509
108021255
803685547
94631177
91887136
75725761
624050548
972685159
852383058
398284055
515292846
861706109
837075477
976381949
371269108
99149890
743584111
753916931
623737240
608843757
471884846
793249816
516794587
711970528
577113999
27661048
891649616
274604959
566970306
279976962
800225845
542956362
260947633
953422278
801034291
556830807
533923759
132413263
232094468
196041674
600131589
972803258
640061457
146683862
489896879
961846421
507335454
464252398
620111936
91432352
952729993
603370054
478858899
852889174
44236730
42779943
294350532
324902498
872742098
372257785
396513222
226037934
159213996
437858171
612581519
830811799
625697081
518995244
821159259
426511741
642953653
301771661
245537834
358435832
363370005
335281019
900499158
575416943
269276033
38687340
546061405
469493470
184334562
148759559
174827508
388341622
121417805
854764153
754012486
785382670
189054206
673081617
29628623
871460986
323943489
116361175
291580646
930345453
404402861
814518019
72267474
5662350
698685230
988695579
560702889
971662242
220620304
9382949
900674663
611981573
134670986
212844447
326945048
200040521
659016429
735313497
213600516
318603372
481937122
728265971
446071338
83984348
894872963
509422049
443229350
993355000
986162865
786166903
890773715
933641991
470117453
637510293
732843046
802621230
374112143
561570013
671868899
223784174
292481071
107315477
486042054
746281251
981716655
475114354
616434705
144679296
609654142
70741025
186169681
424199348
575109924
841042879
317336952
964548883
707725903
60934452
448625206
694315151
888484790
459625582
754920419
26883068
184034100
200462199
916696391
791798055
155570011
841162854
115572925
133765921
864515809
35889359
64787323
690677918
22473761
59826335
595894527
318836139
986302723
722967909
943582522
365018443
277350740
819279975
323069088
799465008
200050353
97341123
340100489
645268376
489829
520338870
45719044
781034357
830496025
759104445
971199724
526372600
812354488
123422535
531659698
748412461
462615142
90415734
652643062
139457956
727682242
97145922
361639619
693976953
678735275
620878826
623543957
700098074
813037248
776487109
504364444
190823260
70356792
792808583
154289412
907643504
90974935
110182558
811343938
94629873
608282196
525148132
306991554
519674349
723276563
135680650
649908910
135826217
266352024
310253239
270532570
606096810
648709149
250443670
612327018
965839562
188194323
490609542
454745702
713122442
260777737
595937522
819660782
80021639
85314272
309850862
269870578
817081429
486239538
744070991
235250465
362639216
581169626
58766193
181761194
585005075
696794396
838234100
530468736
427844268
339591229
301240299
492100717
698965000
504841802
476467870
204814878
612384916
863178265
358446565
48694689
429007511
880497560
256920866
34920688
945497152
371036387
786448133
34302893
423725686
609448350
802607238
788187809
734939842
632527694
846699900
386937668
515426793
799313512
50069657
686345766
395078816
956216826
655101030
384859337
622895748
827987271
599359208
328326013
59160236
501539196
838223122
212063610
19949357
952034330
514542480
576104046
176755569
985108766
713425430
717242095
807114175
220942749
162727794
818871456
328144708
168606159
52872393
709015316
341766479
349877014
721868958
412557613
668196396
726260632
93827040
333467003
379048318
288089760
386475061
969664193
388621813
188712558
416624705
684220145
123791250
378332334
95640451
816761643
845727892
686469463
263551434
583828722
51306058
44606554
16738353
830938710
730341770
834042102
696320290
525824064
406935349
89682024
871472375
2591455
875986212
96033000
427683520
622673955
970479249
615497774
746695254
183358503
698331561
458286245
737763330
729121496
63027112
636504354
882550302
347082494
500764437
45091144
510848622
193996106
456076292
574675198
633850789
928574135
853795322
520530350
986178054
430950998
430899982
392898578
464588815
6740334
489712923
140931338
323580990
583421680
419678297
269467031
567255957
114868278
715544771
156254811
668750477
481518004
107240416
317709394
856697898
641462926
817243753
946677662
708968931
263758742
178954615
323739959
765980715
806060293
474508704
591296041
126805472
259023479
10474847
893545301
499995332
655192210
594355401
840638959
563545500
456970121
268802422
848592076
806643578
294583739
751713702
327642656
382538082
886572803
652027699
398347104
310341689
714757778
921300883
756819507
197224698
704755104
959635264
838337315
527162179
217368142
731342341
623214867
443495819
232265650
297311038
958166285
399740720
270535665
386963087
36435199
302069128
150352381
230844335
426877962
654725014
779428837
292557813
37721844
86000575
113389979
926873691
695421724
641435823
612390107
390416119
433401456
953015019
638010092
972241416
240875956
890419022
101054197
608307188
910252234
450445506
680539282
52423703
528992666
264416496
614414123
382681637
63887920
48906980
469607109
362462204
333599353
124033816
536303531
975493668
889012863
594528356
749049093
259056948
90973454
544111425
421082828
334679798
713698900
636936207
720920138
987034535
649616626
464137592
180915313
572135666
91571020
978681740
666252831
928103417
508239155
286738666
747070820
92963972
581025580
14007915
422546992
574469129
862307875
482257625
671190738
817513236
440777649
106571284
905515741
548179708
418611763
781951148
650854795
312040558
770600062
663584489
419953149
317851678
564356911
946766437
168217211
688438502
181084568
292329314
191329702
510079113
646417682
441628169
280530774
609055321
61284006
858628035
10301391
937380677
834715411
153012026
22314049
752582657
5585834
648484485
835622521
88981670
994065566
578532093
99330792
588376372
403986228
806112798
400125202
444385024
164001219
850105900
128946114
564882808
475543826
752018331
284075532
595910258
48049180
602419409
635948955
700722566
165432554
859711489
793086779
149222107
344140709
479207135
235607172
200334681
11329765
825987073
167850567
363898567
51059817
404407502
104887666
846137076
493152948
978635690
850896763
378744446
797927842
65416840
556513550
382288715
892502308
938003562
237598406
369353585
559374367
569408937
277835655
185828690
502364009
58043930
417471211
23819261
339517928
440642188
921407641
866543468
497875562
805698107
201515216
668316640
571916887
355409261
596013728
39002967
275680722
944167314
684261823
677374198
599642670
578509773
240259827
783837011
341156527
931963422
968968404
536498413
353777436
534479348
405196837
57797196
564526201
888125324
677145663
650947852
269398326
668318887
914698121
311782261
289110596
615086279
560655983
783629104
435421451
524471965
560834941
880075800
476977869
42696865
729668608
697216083
681674414
859486850
920621808
253906742
861208164
325410677
189815733
825895201
804648122
209336697
742864548
560617850
3190490
860536115
93480007
877028460
295550479
410542469
311316723
331339259
131374547
408726756
354223901
934339736
888442120
981298496
183735744
255011982
875563581
963943157
812701924
711419558
775785751
786835075
152881251
772752646
782101565
622191188
151581056
438145771
797182300
133363727
832337217
53010806
447881882
413929788
253026853
989385396
72608011
179389081
344173549
265563238
863383757
708187061
159128828
983979950
425073408
503985826
41920718
629639857
681045990
487991219
988640770
125963070
164318115
288371666
276422970
801588456
135426874
772426853
885566955
261446720
811198920
576745712
754386043
886615399
804609963
561693537
417528778
620381966
37254391
465641410
65624384
7348477
21506029
773713700
384989059
499582242
631195255
95562696
404796091
9212299
923327992
19138606
604209354
68690165
346057032
293586795
102958084
82106601
31217215
72723282
795179671
270749001
349565801
355062325
824716251
944998013
795876742
504773647
28660785
607602655
505060458
87014241
964611015
387025928
92154716
182376310
946129320
984566830
470584504
645167471
498125762
511562427
202410793
390298690
459191229
121506838
661773660
693383944
157415097
341177414
264590451
873711597
425324892
365811406
314206567
292038276
116695730
293330836
837152512
892253461
656656598
244899894
347681984
809885399
382457014
171049924
524185048
396460977
643419957
517792703
542745122
917684809
265899484
783945972
468626915
386962702
224247713
382742015
579001691
243493063
805441070
920718341
15653318
632827979
883719701
870877796
508406364
829450573
138650658
819248024
90115746
299203681
536486948
558783122
992648822
203064872
639634177
696762253
912167910
177795075
532867897
499003837
443277545
406157274
114900030
242453648
568842288
865383407
281095448
392618094
653930894
589615035
235756177
329520099
989063013
189410996
948799893
519232675
352417074
736936114
724439936
694319785
562039646
915994513
513126070
808429383
755186369
665771406
299749966
463565291
889144291
266910811
714886608
78894492
193038732
627030117
745743232
377804346
353593870
262349352